-4.765569 0.600000
-4.740569 0.600000
-4.715569 0.600000
-4.690569 0.600000
-4.665569 0.600000
-4.640569 0.600000
-4.615569 0.600000
-4.590569 0.600000
-4.565569 0.600000
-4.540569 0.600000
-4.515569 0.600000
-4.490569 0.600000
-4.465569 0.600000
-4.440569 0.600000
-4.415569 0.600000
-4.390569 0.600000
-4.365569 0.600000
-4.340569 0.600000
-4.315569 0.600000
-4.290569 0.600000
-4.265569 0.600000
-4.240569 0.600000
-4.215569 0.600000
-4.190569 0.600000
-4.165569 0.600000
-4.140569 0.600000
-4.115569 0.600000
-4.090569 0.600000
-4.065569 0.600000
-4.040569 0.600000
-4.015569 0.600000
-3.990569 0.600000
-3.965569 0.600000
-3.940569 0.600000
-3.915569 0.600000
-3.890569 0.600000
-3.865569 0.600000
-3.840569 0.600000
-3.815569 0.600000
-3.790569 0.600000
-3.765569 0.600000
-3.740569 0.600000
-3.715569 0.600000
-3.690569 0.600000
-3.665569 0.600000
-3.640569 0.600000
-3.615569 0.600000
-3.590569 0.600000
-3.565569 0.600000
-3.540569 0.600000
-3.515569 0.600000
-3.490569 0.600000
-3.465569 0.600000
-3.440569 0.600000
-3.415569 0.600000
-3.390569 0.600000
-3.365569 0.600000
-3.340569 0.600000
-3.315569 0.600000
-3.290569 0.600000
-3.265569 0.600000
-3.240569 0.600000
-3.215569 0.600000
-3.190569 0.600000
-3.165569 0.600000
-3.140569 0.600000
-3.115569 0.600000
-3.090569 0.600000
-3.065569 0.600000
-3.040569 0.600000
-3.015569 0.600000
-2.990569 0.600000
-2.965569 0.600000
-2.940569 0.600000
-2.915569 0.600000
-2.890569 0.600000
-2.865569 0.600000
-2.840569 0.600000
-2.815569 0.600000
-2.790569 0.600000
-2.765569 0.600000
-2.740569 0.600000
-2.715569 0.600000
-2.690569 0.600000
-2.665569 0.600000
-2.640569 0.600000
-2.615569 0.600000
-2.590569 0.600000
-2.565569 0.600000
-2.540569 0.600000
-2.515569 0.600000
-2.490569 0.600000
-2.465569 0.600000
-2.440569 0.600000
-2.415569 0.600000
-2.390569 0.600000
-2.365569 0.600000
-2.340569 0.600000
-2.315569 0.600000
-2.290569 0.600000
-2.265569 0.600000
-2.240569 0.600000
-2.215569 0.600000
-2.190569 0.600000
-2.165569 0.600000
-2.140569 0.600000
-2.115569 0.600000
-2.090569 0.600000
-2.065569 0.600000
-2.040569 0.600000
-2.015569 0.600000
-1.990569 0.600000
-1.965569 0.600000
-1.940569 0.600000
-1.915569 0.600000
-1.890569 0.600000
-1.865569 0.600000
-1.840569 0.600000
-1.815569 0.600000
-1.790569 0.600000
-1.765569 0.600000
-1.740569 0.600000
-1.715569 0.600000
-1.690569 0.600000
-1.665569 0.600000
-1.640569 0.600000
-1.615569 0.600000
-1.590569 0.600000
-1.565569 0.600000
-1.540569 0.600000
-1.515569 0.600000
-1.490569 0.600000
-1.465569 0.600000
-1.440569 0.600000
-1.415569 0.600000
-1.390569 0.600000
-1.365569 0.600000
-1.340569 0.600000
-1.315569 0.600000
-1.290569 0.600000
-1.265569 0.600000
-1.240569 0.600000
-1.215569 0.600000
-1.190569 0.600000
-1.165569 0.600000
-1.140569 0.600000
-1.115569 0.600000
-1.090569 0.600000
-1.065569 0.600000
-1.040569 0.600000
-1.015569 0.600000
-0.990569 0.600000
-0.965569 0.600000
-0.940569 0.600000
-0.915569 0.600000
-0.890569 0.600000
-0.865569 0.600000
-0.840569 0.600000
-0.815569 0.600000
-0.790569 0.600000
-0.765569 0.600000
-0.740873 0.596968
-0.716177 0.593935
-0.691481 0.590903
-0.666786 0.587871
-0.642090 0.584839
-0.617394 0.581806
-0.592698 0.578774
-0.568002 0.575742
-0.543307 0.572710
-0.518611 0.569677
-0.493915 0.566645
-0.469219 0.563613
-0.444524 0.560581
-0.419828 0.557548
-0.395132 0.554516
-0.370436 0.551484
-0.345741 0.548452
-0.321045 0.545419
-0.296349 0.542387
-0.271653 0.539355
-0.246958 0.536323
-0.222262 0.533290
-0.197566 0.530258
-0.172870 0.527226
-0.148175 0.524194
-0.123479 0.521161
-0.098783 0.518129
-0.074087 0.515097
-0.049392 0.512065
-0.024696 0.509032
0.000000 0.506000
0.000000 0.500000
-0.025000 0.500000
-0.050000 0.500000
-0.075000 0.500000
-0.100000 0.500000
-0.125000 0.500000
-0.150000 0.500000
-0.175000 0.500000
-0.200000 0.500000
-0.225000 0.500000
-0.250000 0.500000
-0.275000 0.500000
-0.300000 0.500000
-0.325000 0.500000
-0.350000 0.500000
-0.375000 0.500000
-0.400000 0.500000
-0.425000 0.500000
-0.450000 0.500000
-0.475000 0.500000
-0.500000 0.500000
-0.525000 0.500000
-0.550000 0.500000
-0.575000 0.500000
-0.600000 0.500000
-0.625000 0.500000
-0.650000 0.500000
-0.675000 0.500000
-0.700000 0.500000
-0.725000 0.500000
-0.750000 0.500000
-0.775000 0.500000
-0.800000 0.500000
-0.825000 0.500000
-0.850000 0.500000
-0.875000 0.500000
-0.900000 0.500000
-0.925000 0.500000
-0.950000 0.500000
-0.975000 0.500000
-1.000000 0.500000
-1.025000 0.500000
-1.050000 0.500000
-1.075000 0.500000
-1.100000 0.500000
-1.125000 0.500000
-1.150000 0.500000
-1.175000 0.500000
-1.200000 0.500000
-1.225000 0.500000
-1.250000 0.500000
-1.275000 0.500000
-1.300000 0.500000
-1.325000 0.500000
-1.350000 0.500000
-1.375000 0.500000
-1.400000 0.500000
-1.425000 0.500000
-1.450000 0.500000
-1.475000 0.500000
-1.500000 0.500000
-1.525000 0.500000
-1.550000 0.500000
-1.575000 0.500000
-1.600000 0.500000
-1.625000 0.500000
-1.650000 0.500000
-1.675000 0.500000
-1.700000 0.500000
-1.725000 0.500000
-1.750000 0.500000
-1.775000 0.500000
-1.800000 0.500000
-1.825000 0.500000
-1.850000 0.500000
-1.875000 0.500000
-1.900000 0.500000
-1.925000 0.500000
-1.950000 0.500000
-1.975000 0.500000
-2.000000 0.500000
-2.025000 0.500000
-2.050000 0.500000
-2.075000 0.500000
-2.100000 0.500000
-2.125000 0.500000
-2.150000 0.500000
-2.175000 0.500000
-2.200000 0.500000
-2.225000 0.500000
-2.250000 0.500000
-2.275000 0.500000
-2.300000 0.500000
-2.325000 0.500000
-2.350000 0.500000
-2.375000 0.500000
-2.400000 0.500000
-2.425000 0.500000
-2.450000 0.500000
-2.475000 0.500000
-2.500000 0.500000
-2.525000 0.500000
-2.550000 0.500000
-2.575000 0.500000
-2.600000 0.500000
-2.625000 0.500000
-2.650000 0.500000
-2.675000 0.500000
-2.700000 0.500000
-2.725000 0.500000
-2.750000 0.500000
-2.775000 0.500000
-2.800000 0.500000
-2.825000 0.500000
-2.850000 0.500000
-2.875000 0.500000
-2.900000 0.500000
-2.925000 0.500000
-2.950000 0.500000
-2.975000 0.500000
-3.000000 0.500000
-3.025000 0.500000
-3.050000 0.500000
-3.075000 0.500000
-3.100000 0.500000
-3.125000 0.500000
-3.150000 0.500000
-3.175000 0.500000
-3.200000 0.500000
-3.225000 0.500000
-3.250000 0.500000
-3.275000 0.500000
-3.300000 0.500000
-3.325000 0.500000
-3.350000 0.500000
-3.375000 0.500000
-3.400000 0.500000
-3.425000 0.500000
-3.450000 0.500000
-3.475000 0.500000
-3.500000 0.500000
-3.525000 0.500000
-3.550000 0.500000
-3.575000 0.500000
-3.600000 0.500000
-3.625000 0.500000
-3.650000 0.500000
-3.675000 0.500000
-3.700000 0.500000
-3.725000 0.500000
-3.750000 0.500000
-3.775000 0.500000
-3.800000 0.500000
-3.825015 0.500000
-3.850029 0.500000
-3.875044 0.500001
-3.900059 0.500003
-3.925074 0.500008
-3.950088 0.500017
-3.975103 0.500031
-4.000118 0.500052
-4.025133 0.500083
-4.050147 0.500125
-4.075162 0.500182
-4.100177 0.500256
-4.125191 0.500350
-4.150206 0.500468
-4.175220 0.500612
-4.200234 0.500787
-4.225248 0.500996
-4.250261 0.501243
-4.275275 0.501532
-4.300287 0.501867
-4.325299 0.502253
-4.350310 0.502695
-4.375319 0.503196
-4.400328 0.503762
-4.425334 0.504397
-4.450339 0.505107
-4.475341 0.505895
-4.500341 0.506768
-4.525337 0.507731
-4.550329 0.508787
-4.575317 0.509944
-4.600300 0.511206
-4.625277 0.512578
-4.650248 0.514066
-4.675210 0.515674
-4.700165 0.517408
-4.725110 0.519274
-4.750045 0.521277
-4.774967 0.523421
-4.799876 0.525711
-4.824772 0.528154
-4.849651 0.530753
-4.874513 0.533514
-4.899355 0.536442
-4.924177 0.539540
-4.948977 0.542815
-4.973752 0.546269
-4.998501 0.549907
-5.023221 0.553734
-5.047911 0.557753
-5.072567 0.561968
-5.097190 0.566382
-5.121775 0.570999
-5.146320 0.575822
-5.170823 0.580854
-5.195283 0.586098
-5.219695 0.591555
-5.244057 0.597229
-5.268367 0.603121
-5.292625 0.609233
-5.316824 0.615567
-5.340964 0.622123
-5.365043 0.628903
-5.389056 0.635908
-5.413004 0.643138
-5.436882 0.650592
-5.460688 0.658272
-5.484421 0.666177
-5.508078 0.674307
-5.531656 0.682661
-5.555155 0.691237
-5.578571 0.700036
-5.601903 0.709054
-5.625149 0.718292
-5.648308 0.727748
-5.671378 0.737418
-5.694357 0.747302
-5.717244 0.757397
-5.740038 0.767701
-5.762738 0.778211
-5.785342 0.788925
-5.807850 0.799840
-5.830260 0.810953
-5.852573 0.822261
-5.874788 0.833760
-5.896904 0.845449
-5.918920 0.857324
-5.940837 0.869381
-5.962655 0.881618
-5.984373 0.894030
-6.005991 0.906615
-6.027510 0.919369
-6.048930 0.932289
-6.070251 0.945371
-6.091474 0.958612
-6.112598 0.972009
-6.133626 0.985558
-6.154557 0.999256
-6.175392 1.013099
-6.196132 1.027084
-6.216778 1.041208
-6.237330 1.055468
-6.257790 1.069859
-6.278159 1.084380
-6.298438 1.099026
-6.318627 1.113795
-6.338729 1.128683
-6.358744 1.143688
-6.378673 1.158806
-6.398518 1.174035
-6.418280 1.189371
-6.437961 1.204811
-6.457561 1.220354
-6.477083 1.235995
-6.496527 1.251732
-6.515895 1.267563
-6.535188 1.283485
-6.554408 1.299495
-6.573557 1.315591
-6.592635 1.331769
-6.611645 1.348029
-6.630586 1.364366
-6.649463 1.380780
-6.668276 1.397268
-6.687026 1.413826
-6.705715 1.430453
-6.724344 1.447148
-6.742914 1.463906
-6.761429 1.480728
-6.779888 1.497609
-6.798294 1.514549
-6.816648 1.531546
-6.834951 1.548596
-6.853206 1.565699
-6.871413 1.582852
-6.889574 1.600054
-6.907691 1.617303
-6.925766 1.634596
-6.943799 1.651932
-6.961792 1.669309
-6.979747 1.686726
-6.997666 1.704181
-7.015550 1.721671
-7.033400 1.739196
-7.051217 1.756753
-7.069005 1.774341
-7.086763 1.791959
-7.104494 1.809604
-7.122199 1.827275
-7.139880 1.844971
-7.157538 1.862689
-7.175174 1.880429
-7.192790 1.898188
-7.210388 1.915966
-7.227969 1.933760
-7.245536 1.951569
-7.263088 1.969392
-7.280628 1.987227
-7.298158 2.005072
-7.315678 2.022926
-7.333191 2.040788
-7.350698 2.058655
-7.368201 2.076527
-7.385700 2.094402
-7.403199 2.112278
-7.420697 2.130153
-7.438198 2.148027
-7.455702 2.165898
-7.473211 2.183763
-7.490726 2.201621
-7.508251 2.219472
-7.525785 2.237313
-7.543330 2.255142
-7.560889 2.272959
-7.578463 2.290760
-7.596053 2.308545
-7.613662 2.326312
-7.631291 2.344060
-7.648942 2.361785
-7.666616 2.379487
-7.684315 2.397164
-7.702041 2.414813
-7.719797 2.432434
-7.737583 2.450024
-7.755401 2.467580
-7.773254 2.485102
-7.791144 2.502588
-7.809071 2.520033
-7.827038 2.537437
-7.845047 2.554798
-7.863100 2.572113
-7.881200 2.589380
-7.899347 2.606597
-7.917544 2.623761
-7.935793 2.640870
-7.954096 2.657920
-7.972456 2.674910
-7.990874 2.691837
-8.009353 2.708699
-8.027893 2.725490
-8.046499 2.742210
-8.065172 2.758855
-8.083914 2.775422
-8.102728 2.791908
-8.121615 2.808309
-8.140579 2.824622
-8.159622 2.840843
-8.178745 2.856968
-8.197952 2.872995
-8.217244 2.888918
-8.236624 2.904734
-8.256094 2.920439
-8.275657 2.936028
-8.295315 2.951497
-8.315071 2.966841
-8.334926 2.982056
-8.354884 2.997137
-8.374947 3.012078
-8.395116 3.026874
-8.415395 3.041521
-8.435784 3.056011
-8.456288 3.070341
-8.476907 3.084504
-8.497644 3.098493
-8.518501 3.112303
-8.539480 3.125928
-8.560582 3.139360
-8.581809 3.152594
-8.603163 3.165623
-8.624646 3.178439
-8.646257 3.191035
-8.667999 3.203406
-8.689872 3.215542
-8.711877 3.227438
-8.734015 3.239085
-8.756285 3.250477
-8.778688 3.261605
-8.801222 3.272464
-8.823889 3.283045
-8.846686 3.293342
-8.869613 3.303347
-8.892667 3.313054
-8.915847 3.322456
-8.939151 3.331548
-8.962576 3.340322
-8.986119 3.348774
-9.009778 3.356900
-9.033547 3.364693
-9.057424 3.372151
-9.081404 3.379271
-9.105483 3.386049
-9.129656 3.392484
-9.153917 3.398574
-9.178263 3.404321
-9.202687 3.409724
-9.227184 3.414786
-9.251749 3.419508
-9.276375 3.423895
-9.301059 3.427951
-9.325793 3.431683
-9.350574 3.435096
-9.375395 3.438199
-9.400253 3.441000
-9.425142 3.443510
-9.450056 3.445739
-9.474994 3.447700
-9.499951 3.449405
-9.524922 3.450869
-9.549906 3.452107
-9.574900 3.453134
-9.599901 3.453967
-9.624907 3.454625
-9.649916 3.455126
-9.674928 3.455489
-9.699942 3.455736
-9.724956 3.455888
-9.749971 3.455966
-9.774985 3.455996
-10.00000 3.455996
